38
20
00000000000000000000000111111111100000
00000000000000000000000100000000110000
11111111111111100000000102000000011000
11133333333311100000000102002200001100
10000000000000100000000100000000000110
10060000000600100000000100002200220011
10000000000000100000000102000000220001
10000000000000111111111102002200000001
10000000000000020020000000000000000001
12002000010000000000000000000000000011
10002002210000000000000000000000000110
10002000010000000000000102002222001100
10002000010000022002200100000000011000
12002002210000022002200102002000110000
10002000010000000000000102000001100000
10000000000000000000000100000011000000
10000000000000000002200100000110000000
12200220022000022002200102001100000000
10000000000000000000000111111000000000
11111111111144111111111100000000000000